datum_lat = 39.12083333
datum_lon = -77.12916667
lat_north = 39.12916667
lat_south = 39.11250000
lon_west = -77.13750000
lon_east = -77.12083333