datum_lat = 39.12028200
datum_lon = -77.12962053
lat_north = 39.12745758
lat_south = 39.11310642
lon_west = -77.13385909
lon_east = -77.12538197