datum_lat = 39.120282009
datum_lon = −77.129620537
lat_north = 39.1274575889111
lat_south = 39.1131064295769
lon_west = -77.1338590979576
lon_east = -77.125381976366