datum_lat = 39.00305556
datum_lon = -77.04930555
lat_north = 39.00416667
lat_south = 39.00194444
lon_west = -77.05111111
lon_east = -77.04805556